1.52587891e-08 24.1111 4.88889
3.90625000e-06 16.1111 4.22222
2.50000000e-04 10.1111 3.33333
5.82076609e-14 42.1111 5.55556
2.38418579e-10 30.1111 5.22222
1.45519152e-14 44.1111 5.66667
4.76837158e-10 29.1111 5.11111
5.00000000e-04 9.11111 3.33333
1.49011612e-11 34.1111 5.22222
2.32830644e-13 40.1111 5.55556
6.10351563e-08 22.1111 4.55556
2.44140625e-07 20.1111 4.44444
7.81250000e-06 15.1111 4.22222
4.65661287e-13 39.1111 5.55556
7.62939453e-09 25.1111 5
1.25000000e-04 11.1111 3.66667
1.86264515e-12 37.1111 5.44444
5.96046448e-11 32.1111 5.22222
1.00000000e-03 8.11111 3.22222
4.88281250e-07 19.1111 4.44444
1.16415322e-13 41.1111 5.55556
6.25000000e-05 12.1111 3.88889
3.72529030e-12 36.1111 5.44444
7.27595761e-15 45.1111 5.66667
1.22070313e-07 21.1111 4.55556
3.63797881e-15 46.1111 5.66667
9.76562500e-07 18.1111 4.33333
2.98023224e-11 33.1111 5.22222
1.90734863e-09 27.1111 5
1.56250000e-05 14.1111 4
3.12500000e-05 13.1111 4
9.31322575e-13 38.1111 5.44444
3.05175781e-08 23.1111 4.66667
1.81898940e-15 47.1111 5.66667
1.19209290e-10 31.1111 5.22222
7.45058060e-12 35.1111 5.33333
2.91038305e-14 43.1111 5.55556
9.53674316e-10 28.1111 5.11111
1.95312500e-06 17.1111 4.33333
3.81469727e-09 26.1111 5
